64
-3649 -5412
-888 3881
-143 -8229
-6326 -2662
2848 -4936
7529 9531
7985 1467
-2517 4676
8380 -3500
1796 -9551
2019 1351
4774 -7784
-1116 -8757
5317 -4991
2064 40
-5402 7804
3301 -9586
-9415 -29
1024 -4319
-433 -5202
9296 5191
2298 -3026
-4211 -8794
9813 2940
5670 -2298
7431 415
5347 2676
2895 204
-9839 -5383
-4904 7554
9855 6261
-6965 -2263
-4402 4945
-1041 1018
-7720 6385
-2673 -5469
-3381 -7593
-1240 -2538
111 -3995
6116 800
-4357 5462
-2796 -577
3693 9896
6862 4438
5989 759
-531 3808
3526 -5914
4355 -58
2097 -607
-4609 1540
5910 1990
-978 -8758
2496 -2338
2944 6089
6663 -9599
8546 -1272
3421 -5690
-5719 9557
-3249 4102
4156 -5359
-6883 -8157
-556 4509
-2235 4390
2091 -1303
