100
3
49 0 25 
3
9 80 62 
6
84 73 72 55 2 15 
3
45 96 19 
6
61 48 26 2 55 74 
1
64 
4
59 59 44 77 
3
92 50 56 
1
84 
1
77 
4
82 4 54 21 
1
68 
3
91 33 11 
4
52 64 22 9 
4
37 20 11 16 
2
91 11 
1
92 
6
2 26 87 56 46 20 
4
70 23 52 54 
1
18 
3
95 66 23 
1
80 
1
38 
2
19 93 
4
83 26 35 70 
2
0 94 
4
88 21 59 29 
2
92 39 
5
66 75 94 10 80 
6
0 93 66 16 93 36 
5
53 52 47 60 59 
2
74 92 
6
29 0 13 21 25 78 
1
50 
5
2 79 77 92 23 
4
82 19 73 30 
3
33 60 93 
1
79 
1
74 
5
83 26 21 62 56 
4
41 66 100 60 
4
44 88 86 33 
2
44 96 
3
6 12 10 
6
70 20 85 29 93 74 
5
78 49 37 28 13 
6
26 1 15 99 23 17 
3
0 29 30 
2
13 61 
1
56 
6
35 22 8 43 37 18 
5
16 64 61 5 0 
5
76 47 71 79 28 
3
82 8 66 
1
92 
6
97 47 48 53 93 14 
2
9 60 
2
31 48 
2
48 64 
5
88 2 25 6 37 
3
100 94 10 
3
49 51 79 
2
77 82 
2
96 40 
6
60 30 8 21 35 95 
3
31 26 36 
3
12 95 43 
2
61 43 
3
68 37 72 
1
85 
6
21 89 66 75 38 79 
4
98 93 27 68 
2
33 99 
5
8 91 56 71 30 
6
82 87 84 61 59 79 
5
84 75 20 55 26 
2
94 1 
3
41 55 50 
4
51 79 81 65 
3
99 5 9 
1
82 
5
87 9 11 46 49 
4
40 52 95 18 
6
51 22 90 6 75 0 
5
7 98 8 5 90 
6
32 54 75 7 79 56 
4
7 89 67 27 
4
20 57 24 18 
6
21 3 9 72 90 47 
1
8 
4
88 37 44 44 
2
81 77 
6
71 86 39 85 61 28 
1
60 
1
89 
1
6 
6
37 68 75 28 76 48 
2
88 31 
4
2 18 42 77 
1
20 
